{
 "cells": [
  {
   "cell_type": "code",
   "execution_count": 1,
   "metadata": {},
   "outputs": [],
   "source": [
    "import pandas as pd\n",
    "import numpy as np\n",
    "import matplotlib.pyplot as plt\n",
    "import seaborn as sns\n",
    "sns.set()\n",
    "from utils import *"
   ]
  },
  {
   "cell_type": "code",
   "execution_count": null,
   "metadata": {},
   "outputs": [],
   "source": [
    "@jit(nopython=True, parallel=True)\n",
    "def nantrend_custom(var_values):\n",
    "    \"\"\"\n",
    "    计算给定数组中正数和负数的数量，忽略 NaN 值。\n",
    "    \n",
    "    参数:\n",
    "    - var_values (array-like): 输入的数值数组。\n",
    "    \n",
    "    返回:\n",
    "    - tuple: 包含两个元素的元组，第一个元素为正数的数量，第二个元素为负数的数量。\n",
    "    \"\"\"\n",
    "    pos_count = 0\n",
    "    neg_count = 0\n",
    "    for val in var_values:\n",
    "        if not np.isnan(val):\n",
    "            if val > 0:\n",
    "                pos_count += 1\n",
    "            elif val < 0:\n",
    "                neg_count += 1\n",
    "    return (pos_count, neg_count)"
   ]
  },
  {
   "cell_type": "code",
   "execution_count": null,
   "metadata": {},
   "outputs": [],
   "source": [
    "@jit(nopython=True, parallel=True)\n",
    "def get_seconds_var_mean_st_ed(var_values, backward_idx_st, backward_idx_ed):\n",
    "    var_mean_values = np.full(len(var_values), np.nan)\n",
    "    for i in prange(len(var_values)):\n",
    "        start_idx = backward_idx_st[i]\n",
    "        end_idx = backward_idx_ed[i]\n",
    "        if i > start_idx and end_idx > start_idx:\n",
    "            var_subset = var_values[start_idx:end_idx+1]\n",
    "            var_mean_values[i] = nanmean_custom(var_subset)\n",
    "        else:\n",
    "            var_mean_values[i] = np.nan\n",
    "        \n",
    "    return var_mean_values\n"
   ]
  },
  {
   "cell_type": "code",
   "execution_count": null,
   "metadata": {},
   "outputs": [],
   "source": [
    "def findTmValue(clockLs, tm, method='L', epsilon=1e-3):\n",
    "    \"\"\"\n",
    "    在排序好的时间戳列表（clockLs）中找到指定时间间隔（tm）之前或之后的索引位置。\n",
    "    \n",
    "    参数:\n",
    "        clockLs (np.array): 排序好的时间戳数组。\n",
    "        tm (float): 需要查找的时间间隔，可以向前或向后。\n",
    "        method (str): 查找方法（'F' 表示向未来查找，'L' 表示向过去查找）。\n",
    "        epsilon (float): 用于调整精度问题的小数。\n",
    "    \n",
    "    返回:\n",
    "        np.array: 对应于时间间隔 tm 之前或之后的索引数组。\n",
    "                  当未来无有效时间戳时索引设为 -1，过去无有效时间戳时设为 0。\n",
    "    \"\"\"\n",
    "    maxIx = len(clockLs)  # 获取时间列表的长度\n",
    "    orignIx = np.arange(maxIx)  # 原始索引数组\n",
    "    if method == 'F':\n",
    "        # 向未来查找的情况\n",
    "        ix = np.searchsorted(clockLs, clockLs + (tm - epsilon))  # 寻找每个时间点加上时间间隔后的位置\n",
    "        # 创建一个掩码，标记边界条件：当前索引等于搜索到的索引减一、当前索引等于搜索到的索引，或搜索到的索引等于 clockLs 的长度\n",
    "        mask = (orignIx == (ix - 1)) | (orignIx == ix) | (ix >= maxIx-1)\n",
    "    elif method == 'L':\n",
    "        # 向过去查找的情况\n",
    "        ix = np.searchsorted(clockLs, clockLs - (tm - epsilon)) - 1  # 寻找每个时间点减去时间间隔后的位置\n",
    "        ix = np.maximum(ix, 0)  # 确保索引不会小于0\n",
    "        # 创建一个掩码，处理边界情况，包括当前索引等于搜索到的索引，或者计算后的时间小于 clockLs 的第一个元素\n",
    "        mask = (orignIx == ix) | ((clockLs - (tm - epsilon)) < clockLs[0])\n",
    "\n",
    "    ix[mask] = -1  \n",
    "    return ix\n",
    "\n"
   ]
  },
  {
   "cell_type": "code",
   "execution_count": null,
   "metadata": {},
   "outputs": [],
   "source": [
    "@jit(nopython=True)\n",
    "def conti_price_chg(mid_price_values: np.ndarray) -> np.ndarray:\n",
    "    last_mid = 0\n",
    "    result = np.arange(len(mid_price_values))\n",
    "    count = 0\n",
    "    trend = 1\n",
    "    value = 0\n",
    "    for mid_price in mid_price_values:\n",
    "        if mid_price > last_mid:\n",
    "            this_change = 1\n",
    "        elif mid_price < last_mid:\n",
    "            this_change = -1\n",
    "        else:\n",
    "            this_change = 0\n",
    "        if this_change == 0:\n",
    "            value += 0\n",
    "\n",
    "        elif this_change > 0:\n",
    "            if trend == 0:\n",
    "                value += 0\n",
    "            elif trend > 0:\n",
    "                value += 1\n",
    "            else:\n",
    "                value = 1\n",
    "                trend = 1\n",
    "        else:\n",
    "            if trend == 0:\n",
    "                value -= 0\n",
    "            elif trend < 0:\n",
    "                value -= 1\n",
    "            else:\n",
    "                value = -1\n",
    "                trend = -1\n",
    "        last_mid = mid_price\n",
    "        result[count] = value\n",
    "        count += 1\n",
    "\n",
    "    return result[-1]\n",
    "\n",
    "@jit(nopython=True)\n",
    "def get_seconds_conti_price_chg(var_values, backward_idx_st, backward_idx_ed):\n",
    "    res = np.full(len(var_values), np.nan)\n",
    "    for i in prange(len(var_values)):\n",
    "        start_idx = backward_idx_st[i]\n",
    "        end_idx = backward_idx_ed[i]\n",
    "        if i > start_idx and end_idx > start_idx:\n",
    "            var_subset = var_values[start_idx:end_idx+1]\n",
    "            res[i] = conti_price_chg(var_subset)\n",
    "    return res\n",
    "\n",
    "\n",
    "@jit(nopython=True, parallel=True)\n",
    "def get_seconds_var_trend_st_ed(var_values, backward_idx_st, backward_idx_ed):\n",
    "    var_pos_values = np.full(len(var_values), np.nan)\n",
    "    var_neg_values = np.full(len(var_values), np.nan)\n",
    "    for i in prange(len(var_values)):\n",
    "        start_idx = backward_idx_st[i]\n",
    "        end_idx = backward_idx_ed[i]\n",
    "        if i > start_idx and end_idx > start_idx:\n",
    "            var_subset = var_values[start_idx:end_idx+1]\n",
    "            var_pos_values[i], var_neg_values[i] = nantrend_custom(var_subset)\n",
    "        else:\n",
    "            var_pos_values[i] = var_neg_values[i] = np.nan\n",
    "        \n",
    "    return var_pos_values, var_neg_values\n"
   ]
  },
  {
   "cell_type": "code",
   "execution_count": 140,
   "metadata": {},
   "outputs": [],
   "source": [
    "path = '/root/TowerResearch'\n",
    "df = pd.read_parquet(f\"{path}/cu_new.parquet\")\n",
    "\n",
    "# Pick data in January\n",
    "df = df.loc[df.index.month == 1]\n",
    "\n",
    "# add RetMask \n",
    "df['RetMask'] = (df.index.second == 0) & (df.index.microsecond == 0)\n",
    "\n",
    "# Removing the point with a mask of -1 is the last minute of a session\n",
    "df = df[df['mask'] != -1]\n",
    "\n",
    "cols = ['TradingDay','LastPrice', 'Volume', 'Turnover', 'OpenInterest', 'ClosePrice',\n",
    "        'BidPrice1', 'BidVolume1', 'AskPrice1', 'AskVolume1',\n",
    "       'BidPrice2', 'BidVolume2', 'AskPrice2', 'AskVolume2', 'BidPrice3',\n",
    "       'BidVolume3', 'AskPrice3', 'AskVolume3', 'BidPrice4', 'BidVolume4',\n",
    "       'AskPrice4', 'AskVolume4', 'BidPrice5', 'BidVolume5', 'AskPrice5',\n",
    "       'AskVolume5', 'AveragePrice', 'delta_Volume', 'delta_Turnover',\n",
    "       'Datetime', 'session', 'ActualTime',\n",
    "       'intdate', 'clockLs', 'macro_price', 'forward_60s_idx', 'forward_60s_ret', 'RetMask']\n",
    "\n",
    "df = df[cols]\n",
    "\n",
    "# create time points\n",
    "time_points = [1, 5, 10, 20, 40, 60]\n",
    "for second in time_points:\n",
    "    df[f'back_{second}s'] = findTmValue(df['clockLs'].values, tm=second, method='L')\n",
    "df['back_0s'] = np.arange(df.shape[0])\n",
    "df.loc[df[f'back_60s']==-1] = np.nan\n",
    "\n",
    "# create basic datanodes\n",
    "multiplier = 5\n",
    "df['av_tt'] = np.nansum(df[[f\"AskVolume{i}\" for i in range(1, 6)]], axis=1)\n",
    "df['bv_tt'] = np.nansum(df[[f\"BidVolume{i}\" for i in range(1, 6)]], axis=1)\n",
    "df['ask_amt'] = np.nansum(df[[f\"AskVolume{i}\" for i in range(1,6)]].values * df[[f\"AskPrice{i}\" for i in range(1,6)]].values, axis=1)\n",
    "df['bid_amt'] = np.nansum(df[[f\"BidVolume{i}\" for i in range(1,6)]].values * df[[f\"BidPrice{i}\" for i in range(1,6)]].values, axis=1)\n",
    "df['ask_vwap'] = df['ask_amt'] / df['av_tt']\n",
    "df['bid_vwap'] = df['bid_amt'] / df['bv_tt']\n",
    "df['order_vwap'] = (df['ask_vwap'] + df['bid_vwap']) / 2\n",
    "df['vwap'] = df['delta_Turnover'] / df['delta_Volume'] / multiplier\n",
    "df['vwap_notnan'] = df['vwap'].fillna(method='ffill')\n",
    "df['wp'] = (df['BidVolume1'] * df['BidPrice1'] + df['AskVolume1'] * df['AskPrice1']) / (df['BidVolume1'] + df['AskVolume1'])\n",
    "df['mid'] = (df['AskPrice1'] + df['BidPrice1']) / 2\n",
    "\n",
    "df.to_parquet('cu_1month.parquet')"
   ]
  },
  {
   "cell_type": "markdown",
   "metadata": {},
   "source": [
    "# Construct Factors"
   ]
  },
  {
   "cell_type": "code",
   "execution_count": 2,
   "metadata": {},
   "outputs": [],
   "source": [
    "df = pd.read_parquet('cu_1month.parquet')"
   ]
  },
  {
   "cell_type": "code",
   "execution_count": 3,
   "metadata": {},
   "outputs": [
    {
     "data": {
      "text/plain": [
       "Index(['TradingDay', 'LastPrice', 'Volume', 'Turnover', 'OpenInterest',\n",
       "       'ClosePrice', 'BidPrice1', 'BidVolume1', 'AskPrice1', 'AskVolume1',\n",
       "       'BidPrice2', 'BidVolume2', 'AskPrice2', 'AskVolume2', 'BidPrice3',\n",
       "       'BidVolume3', 'AskPrice3', 'AskVolume3', 'BidPrice4', 'BidVolume4',\n",
       "       'AskPrice4', 'AskVolume4', 'BidPrice5', 'BidVolume5', 'AskPrice5',\n",
       "       'AskVolume5', 'AveragePrice', 'delta_Volume', 'delta_Turnover',\n",
       "       'Datetime', 'session', 'ActualTime', 'intdate', 'clockLs',\n",
       "       'macro_price', 'forward_60s_idx', 'forward_60s_ret', 'RetMask',\n",
       "       'back_1s', 'back_5s', 'back_10s', 'back_20s', 'back_40s', 'back_60s',\n",
       "       'back_0s', 'av_tt', 'bv_tt', 'ask_amt', 'bid_amt', 'ask_vwap',\n",
       "       'bid_vwap', 'order_vwap', 'vwap', 'vwap_notnan', 'wp', 'mid'],\n",
       "      dtype='object')"
      ]
     },
     "execution_count": 3,
     "metadata": {},
     "output_type": "execute_result"
    }
   ],
   "source": [
    "df.columns"
   ]
  },
  {
   "cell_type": "code",
   "execution_count": 5,
   "metadata": {},
   "outputs": [],
   "source": [
    "time_points = [1, 5, 10, 20, 40, 60]"
   ]
  },
  {
   "cell_type": "markdown",
   "metadata": {},
   "source": [
    "## Order type"
   ]
  },
  {
   "cell_type": "code",
   "execution_count": 12,
   "metadata": {},
   "outputs": [],
   "source": [
    "df['A0'] = (df['AskVolume1'] - df['BidVolume1']) / (df['AskVolume1'] + df['BidVolume1'])\n",
    "df['A1'] = get_seconds_var_mean_st_ed(df['A0'].values, df[f'back_1s'].values, np.maximum(0, df[f'back_0s'].values-1))\n",
    "for i in range(1, len(time_points)):\n",
    "    df[f\"A{i+1}\"] = get_seconds_var_mean_st_ed(df['A0'].values, df[f'back_{time_points[i]}s'].values, df[f'back_{time_points[i-1]}s'].values)"
   ]
  },
  {
   "cell_type": "code",
   "execution_count": 13,
   "metadata": {},
   "outputs": [
    {
     "data": {
      "text/html": [
       "<div>\n",
       "<style scoped>\n",
       "    .dataframe tbody tr th:only-of-type {\n",
       "        vertical-align: middle;\n",
       "    }\n",
       "\n",
       "    .dataframe tbody tr th {\n",
       "        vertical-align: top;\n",
       "    }\n",
       "\n",
       "    .dataframe thead th {\n",
       "        text-align: right;\n",
       "    }\n",
       "</style>\n",
       "<table border=\"1\" class=\"dataframe\">\n",
       "  <thead>\n",
       "    <tr style=\"text-align: right;\">\n",
       "      <th></th>\n",
       "      <th>A0</th>\n",
       "      <th>A1</th>\n",
       "      <th>A2</th>\n",
       "      <th>A3</th>\n",
       "      <th>A4</th>\n",
       "      <th>A5</th>\n",
       "      <th>A6</th>\n",
       "    </tr>\n",
       "  </thead>\n",
       "  <tbody>\n",
       "    <tr>\n",
       "      <th>A0</th>\n",
       "      <td>1.000000</td>\n",
       "      <td>0.493633</td>\n",
       "      <td>0.368230</td>\n",
       "      <td>0.193227</td>\n",
       "      <td>0.129640</td>\n",
       "      <td>0.090158</td>\n",
       "      <td>0.064157</td>\n",
       "    </tr>\n",
       "    <tr>\n",
       "      <th>A1</th>\n",
       "      <td>0.493633</td>\n",
       "      <td>1.000000</td>\n",
       "      <td>0.562306</td>\n",
       "      <td>0.213520</td>\n",
       "      <td>0.134871</td>\n",
       "      <td>0.092321</td>\n",
       "      <td>0.066112</td>\n",
       "    </tr>\n",
       "    <tr>\n",
       "      <th>A2</th>\n",
       "      <td>0.368230</td>\n",
       "      <td>0.562306</td>\n",
       "      <td>1.000000</td>\n",
       "      <td>0.523130</td>\n",
       "      <td>0.252561</td>\n",
       "      <td>0.147800</td>\n",
       "      <td>0.097729</td>\n",
       "    </tr>\n",
       "    <tr>\n",
       "      <th>A3</th>\n",
       "      <td>0.193227</td>\n",
       "      <td>0.213520</td>\n",
       "      <td>0.523130</td>\n",
       "      <td>1.000000</td>\n",
       "      <td>0.460609</td>\n",
       "      <td>0.187990</td>\n",
       "      <td>0.111712</td>\n",
       "    </tr>\n",
       "    <tr>\n",
       "      <th>A4</th>\n",
       "      <td>0.129640</td>\n",
       "      <td>0.134871</td>\n",
       "      <td>0.252561</td>\n",
       "      <td>0.460609</td>\n",
       "      <td>1.000000</td>\n",
       "      <td>0.372106</td>\n",
       "      <td>0.152033</td>\n",
       "    </tr>\n",
       "    <tr>\n",
       "      <th>A5</th>\n",
       "      <td>0.090158</td>\n",
       "      <td>0.092321</td>\n",
       "      <td>0.147800</td>\n",
       "      <td>0.187990</td>\n",
       "      <td>0.372106</td>\n",
       "      <td>1.000000</td>\n",
       "      <td>0.345416</td>\n",
       "    </tr>\n",
       "    <tr>\n",
       "      <th>A6</th>\n",
       "      <td>0.064157</td>\n",
       "      <td>0.066112</td>\n",
       "      <td>0.097729</td>\n",
       "      <td>0.111712</td>\n",
       "      <td>0.152033</td>\n",
       "      <td>0.345416</td>\n",
       "      <td>1.000000</td>\n",
       "    </tr>\n",
       "  </tbody>\n",
       "</table>\n",
       "</div>"
      ],
      "text/plain": [
       "          A0        A1        A2        A3        A4        A5        A6\n",
       "A0  1.000000  0.493633  0.368230  0.193227  0.129640  0.090158  0.064157\n",
       "A1  0.493633  1.000000  0.562306  0.213520  0.134871  0.092321  0.066112\n",
       "A2  0.368230  0.562306  1.000000  0.523130  0.252561  0.147800  0.097729\n",
       "A3  0.193227  0.213520  0.523130  1.000000  0.460609  0.187990  0.111712\n",
       "A4  0.129640  0.134871  0.252561  0.460609  1.000000  0.372106  0.152033\n",
       "A5  0.090158  0.092321  0.147800  0.187990  0.372106  1.000000  0.345416\n",
       "A6  0.064157  0.066112  0.097729  0.111712  0.152033  0.345416  1.000000"
      ]
     },
     "execution_count": 13,
     "metadata": {},
     "output_type": "execute_result"
    }
   ],
   "source": [
    "df[[f'A{i}' for i in range(len(time_points)+1)]].corr()"
   ]
  },
  {
   "cell_type": "markdown",
   "metadata": {},
   "source": [
    "- There is basically no high correlation"
   ]
  },
  {
   "cell_type": "code",
   "execution_count": 14,
   "metadata": {},
   "outputs": [],
   "source": [
    "df['B0'] = (df['av_tt'] - df['bv_tt']) / (df['av_tt'] + df['bv_tt'])\n",
    "df['B1'] = df['B0'].diff()\n",
    "for i in range(1, len(time_points)):\n",
    "    df[f\"B{i+1}\"] = get_seconds_var_mean_st_ed(df['B1'].values, df[f'back_{time_points[i]}s'].values+1, df[f'back_{time_points[i-1]}s'].values)"
   ]
  },
  {
   "cell_type": "code",
   "execution_count": 15,
   "metadata": {},
   "outputs": [
    {
     "data": {
      "text/html": [
       "<div>\n",
       "<style scoped>\n",
       "    .dataframe tbody tr th:only-of-type {\n",
       "        vertical-align: middle;\n",
       "    }\n",
       "\n",
       "    .dataframe tbody tr th {\n",
       "        vertical-align: top;\n",
       "    }\n",
       "\n",
       "    .dataframe thead th {\n",
       "        text-align: right;\n",
       "    }\n",
       "</style>\n",
       "<table border=\"1\" class=\"dataframe\">\n",
       "  <thead>\n",
       "    <tr style=\"text-align: right;\">\n",
       "      <th></th>\n",
       "      <th>B0</th>\n",
       "      <th>B1</th>\n",
       "      <th>B2</th>\n",
       "      <th>B3</th>\n",
       "      <th>B4</th>\n",
       "      <th>B5</th>\n",
       "      <th>B6</th>\n",
       "    </tr>\n",
       "  </thead>\n",
       "  <tbody>\n",
       "    <tr>\n",
       "      <th>B0</th>\n",
       "      <td>1.000000</td>\n",
       "      <td>0.153360</td>\n",
       "      <td>0.146969</td>\n",
       "      <td>0.104935</td>\n",
       "      <td>0.115996</td>\n",
       "      <td>0.120101</td>\n",
       "      <td>0.086678</td>\n",
       "    </tr>\n",
       "    <tr>\n",
       "      <th>B1</th>\n",
       "      <td>0.153360</td>\n",
       "      <td>1.000000</td>\n",
       "      <td>-0.089245</td>\n",
       "      <td>-0.018366</td>\n",
       "      <td>-0.012815</td>\n",
       "      <td>-0.006269</td>\n",
       "      <td>-0.002379</td>\n",
       "    </tr>\n",
       "    <tr>\n",
       "      <th>B2</th>\n",
       "      <td>0.146969</td>\n",
       "      <td>-0.089245</td>\n",
       "      <td>1.000000</td>\n",
       "      <td>-0.257539</td>\n",
       "      <td>-0.061731</td>\n",
       "      <td>-0.031297</td>\n",
       "      <td>-0.012185</td>\n",
       "    </tr>\n",
       "    <tr>\n",
       "      <th>B3</th>\n",
       "      <td>0.104935</td>\n",
       "      <td>-0.018366</td>\n",
       "      <td>-0.257539</td>\n",
       "      <td>1.000000</td>\n",
       "      <td>-0.255471</td>\n",
       "      <td>-0.044051</td>\n",
       "      <td>-0.018554</td>\n",
       "    </tr>\n",
       "    <tr>\n",
       "      <th>B4</th>\n",
       "      <td>0.115996</td>\n",
       "      <td>-0.012815</td>\n",
       "      <td>-0.061731</td>\n",
       "      <td>-0.255471</td>\n",
       "      <td>1.000000</td>\n",
       "      <td>-0.252329</td>\n",
       "      <td>-0.038140</td>\n",
       "    </tr>\n",
       "    <tr>\n",
       "      <th>B5</th>\n",
       "      <td>0.120101</td>\n",
       "      <td>-0.006269</td>\n",
       "      <td>-0.031297</td>\n",
       "      <td>-0.044051</td>\n",
       "      <td>-0.252329</td>\n",
       "      <td>1.000000</td>\n",
       "      <td>-0.269750</td>\n",
       "    </tr>\n",
       "    <tr>\n",
       "      <th>B6</th>\n",
       "      <td>0.086678</td>\n",
       "      <td>-0.002379</td>\n",
       "      <td>-0.012185</td>\n",
       "      <td>-0.018554</td>\n",
       "      <td>-0.038140</td>\n",
       "      <td>-0.269750</td>\n",
       "      <td>1.000000</td>\n",
       "    </tr>\n",
       "  </tbody>\n",
       "</table>\n",
       "</div>"
      ],
      "text/plain": [
       "          B0        B1        B2        B3        B4        B5        B6\n",
       "B0  1.000000  0.153360  0.146969  0.104935  0.115996  0.120101  0.086678\n",
       "B1  0.153360  1.000000 -0.089245 -0.018366 -0.012815 -0.006269 -0.002379\n",
       "B2  0.146969 -0.089245  1.000000 -0.257539 -0.061731 -0.031297 -0.012185\n",
       "B3  0.104935 -0.018366 -0.257539  1.000000 -0.255471 -0.044051 -0.018554\n",
       "B4  0.115996 -0.012815 -0.061731 -0.255471  1.000000 -0.252329 -0.038140\n",
       "B5  0.120101 -0.006269 -0.031297 -0.044051 -0.252329  1.000000 -0.269750\n",
       "B6  0.086678 -0.002379 -0.012185 -0.018554 -0.038140 -0.269750  1.000000"
      ]
     },
     "execution_count": 15,
     "metadata": {},
     "output_type": "execute_result"
    }
   ],
   "source": [
    "df[[f'B{i}' for i in range(len(time_points)+1)]].corr()"
   ]
  },
  {
   "cell_type": "markdown",
   "metadata": {},
   "source": [
    "- It can be seen that there is very low correlation between Bis"
   ]
  },
  {
   "cell_type": "markdown",
   "metadata": {},
   "source": [
    "Haven't considered grouping session and Date yet\n",
    "1. df.groupby('session')['order_imb1'].diff()\n",
    "2. df.groupby('TradingDay')['order_imb1'].diff()"
   ]
  },
  {
   "cell_type": "markdown",
   "metadata": {},
   "source": [
    "## Price type"
   ]
  },
  {
   "cell_type": "code",
   "execution_count": null,
   "metadata": {},
   "outputs": [],
   "source": [
    "df['C0'] = df['mid'].pct_change()\n",
    "df['C1'] = df['macro_price'].pct_change()\n",
    "df['C2'] = df['wp'].pct_change()\n",
    "df['C3'] = df['order_vwap'].pct_change()\n",
    "df['C4'] = df['LastPrice'].pct_change()\n",
    "df['C5'] = df['vwap_notnan'].pct_change()\n",
    "\n",
    "df['C6'] = df['vwap_notnan'] / df['mid'] - df['wp'] / df['macro_price']"
   ]
  },
  {
   "cell_type": "code",
   "execution_count": 17,
   "metadata": {},
   "outputs": [
    {
     "data": {
      "text/html": [
       "<div>\n",
       "<style scoped>\n",
       "    .dataframe tbody tr th:only-of-type {\n",
       "        vertical-align: middle;\n",
       "    }\n",
       "\n",
       "    .dataframe tbody tr th {\n",
       "        vertical-align: top;\n",
       "    }\n",
       "\n",
       "    .dataframe thead th {\n",
       "        text-align: right;\n",
       "    }\n",
       "</style>\n",
       "<table border=\"1\" class=\"dataframe\">\n",
       "  <thead>\n",
       "    <tr style=\"text-align: right;\">\n",
       "      <th></th>\n",
       "      <th>C0</th>\n",
       "      <th>C1</th>\n",
       "      <th>C2</th>\n",
       "      <th>C3</th>\n",
       "      <th>C4</th>\n",
       "      <th>C5</th>\n",
       "      <th>C6</th>\n",
       "    </tr>\n",
       "  </thead>\n",
       "  <tbody>\n",
       "    <tr>\n",
       "      <th>C0</th>\n",
       "      <td>1.000000</td>\n",
       "      <td>0.739462</td>\n",
       "      <td>0.913069</td>\n",
       "      <td>0.909010</td>\n",
       "      <td>0.415505</td>\n",
       "      <td>0.382588</td>\n",
       "      <td>-0.306330</td>\n",
       "    </tr>\n",
       "    <tr>\n",
       "      <th>C1</th>\n",
       "      <td>0.739462</td>\n",
       "      <td>1.000000</td>\n",
       "      <td>0.400647</td>\n",
       "      <td>0.825084</td>\n",
       "      <td>0.422306</td>\n",
       "      <td>0.406025</td>\n",
       "      <td>0.008373</td>\n",
       "    </tr>\n",
       "    <tr>\n",
       "      <th>C2</th>\n",
       "      <td>0.913069</td>\n",
       "      <td>0.400647</td>\n",
       "      <td>1.000000</td>\n",
       "      <td>0.737363</td>\n",
       "      <td>0.309687</td>\n",
       "      <td>0.274749</td>\n",
       "      <td>-0.421992</td>\n",
       "    </tr>\n",
       "    <tr>\n",
       "      <th>C3</th>\n",
       "      <td>0.909010</td>\n",
       "      <td>0.825084</td>\n",
       "      <td>0.737363</td>\n",
       "      <td>1.000000</td>\n",
       "      <td>0.441201</td>\n",
       "      <td>0.422017</td>\n",
       "      <td>-0.187040</td>\n",
       "    </tr>\n",
       "    <tr>\n",
       "      <th>C4</th>\n",
       "      <td>0.415505</td>\n",
       "      <td>0.422306</td>\n",
       "      <td>0.309687</td>\n",
       "      <td>0.441201</td>\n",
       "      <td>1.000000</td>\n",
       "      <td>0.880959</td>\n",
       "      <td>0.100875</td>\n",
       "    </tr>\n",
       "    <tr>\n",
       "      <th>C5</th>\n",
       "      <td>0.382588</td>\n",
       "      <td>0.406025</td>\n",
       "      <td>0.274749</td>\n",
       "      <td>0.422017</td>\n",
       "      <td>0.880959</td>\n",
       "      <td>1.000000</td>\n",
       "      <td>0.145277</td>\n",
       "    </tr>\n",
       "    <tr>\n",
       "      <th>C6</th>\n",
       "      <td>-0.306330</td>\n",
       "      <td>0.008373</td>\n",
       "      <td>-0.421992</td>\n",
       "      <td>-0.187040</td>\n",
       "      <td>0.100875</td>\n",
       "      <td>0.145277</td>\n",
       "      <td>1.000000</td>\n",
       "    </tr>\n",
       "  </tbody>\n",
       "</table>\n",
       "</div>"
      ],
      "text/plain": [
       "          C0        C1        C2        C3        C4        C5        C6\n",
       "C0  1.000000  0.739462  0.913069  0.909010  0.415505  0.382588 -0.306330\n",
       "C1  0.739462  1.000000  0.400647  0.825084  0.422306  0.406025  0.008373\n",
       "C2  0.913069  0.400647  1.000000  0.737363  0.309687  0.274749 -0.421992\n",
       "C3  0.909010  0.825084  0.737363  1.000000  0.441201  0.422017 -0.187040\n",
       "C4  0.415505  0.422306  0.309687  0.441201  1.000000  0.880959  0.100875\n",
       "C5  0.382588  0.406025  0.274749  0.422017  0.880959  1.000000  0.145277\n",
       "C6 -0.306330  0.008373 -0.421992 -0.187040  0.100875  0.145277  1.000000"
      ]
     },
     "execution_count": 17,
     "metadata": {},
     "output_type": "execute_result"
    }
   ],
   "source": [
    "df[[f'C{i}' for i in range(7)]].corr()"
   ]
  },
  {
   "cell_type": "markdown",
   "metadata": {},
   "source": [
    "- It can be seen that C0, C1, C2, C3 have high correlation, C4 and C5 have high correlation"
   ]
  },
  {
   "cell_type": "code",
   "execution_count": 18,
   "metadata": {},
   "outputs": [],
   "source": [
    "df[f\"C10\"] = df[f\"C1\"]\n",
    "for i in range(1, len(time_points)):\n",
    "    df[f\"C1{i}\"] = get_seconds_var_mean_st_ed(df['C10'].values, df[f'back_{time_points[i]}s'].values+1, df[f'back_{time_points[i-1]}s'].values)"
   ]
  },
  {
   "cell_type": "code",
   "execution_count": 19,
   "metadata": {},
   "outputs": [
    {
     "data": {
      "text/html": [
       "<div>\n",
       "<style scoped>\n",
       "    .dataframe tbody tr th:only-of-type {\n",
       "        vertical-align: middle;\n",
       "    }\n",
       "\n",
       "    .dataframe tbody tr th {\n",
       "        vertical-align: top;\n",
       "    }\n",
       "\n",
       "    .dataframe thead th {\n",
       "        text-align: right;\n",
       "    }\n",
       "</style>\n",
       "<table border=\"1\" class=\"dataframe\">\n",
       "  <thead>\n",
       "    <tr style=\"text-align: right;\">\n",
       "      <th></th>\n",
       "      <th>C10</th>\n",
       "      <th>C11</th>\n",
       "      <th>C12</th>\n",
       "      <th>C13</th>\n",
       "      <th>C14</th>\n",
       "      <th>C15</th>\n",
       "    </tr>\n",
       "  </thead>\n",
       "  <tbody>\n",
       "    <tr>\n",
       "      <th>C10</th>\n",
       "      <td>1.000000</td>\n",
       "      <td>0.000675</td>\n",
       "      <td>0.013091</td>\n",
       "      <td>0.007898</td>\n",
       "      <td>-0.000329</td>\n",
       "      <td>-0.000627</td>\n",
       "    </tr>\n",
       "    <tr>\n",
       "      <th>C11</th>\n",
       "      <td>0.000675</td>\n",
       "      <td>1.000000</td>\n",
       "      <td>0.012107</td>\n",
       "      <td>0.020355</td>\n",
       "      <td>0.004403</td>\n",
       "      <td>0.003443</td>\n",
       "    </tr>\n",
       "    <tr>\n",
       "      <th>C12</th>\n",
       "      <td>0.013091</td>\n",
       "      <td>0.012107</td>\n",
       "      <td>1.000000</td>\n",
       "      <td>0.020349</td>\n",
       "      <td>0.011088</td>\n",
       "      <td>0.002113</td>\n",
       "    </tr>\n",
       "    <tr>\n",
       "      <th>C13</th>\n",
       "      <td>0.007898</td>\n",
       "      <td>0.020355</td>\n",
       "      <td>0.020349</td>\n",
       "      <td>1.000000</td>\n",
       "      <td>0.024300</td>\n",
       "      <td>0.010357</td>\n",
       "    </tr>\n",
       "    <tr>\n",
       "      <th>C14</th>\n",
       "      <td>-0.000329</td>\n",
       "      <td>0.004403</td>\n",
       "      <td>0.011088</td>\n",
       "      <td>0.024300</td>\n",
       "      <td>1.000000</td>\n",
       "      <td>0.021796</td>\n",
       "    </tr>\n",
       "    <tr>\n",
       "      <th>C15</th>\n",
       "      <td>-0.000627</td>\n",
       "      <td>0.003443</td>\n",
       "      <td>0.002113</td>\n",
       "      <td>0.010357</td>\n",
       "      <td>0.021796</td>\n",
       "      <td>1.000000</td>\n",
       "    </tr>\n",
       "  </tbody>\n",
       "</table>\n",
       "</div>"
      ],
      "text/plain": [
       "          C10       C11       C12       C13       C14       C15\n",
       "C10  1.000000  0.000675  0.013091  0.007898 -0.000329 -0.000627\n",
       "C11  0.000675  1.000000  0.012107  0.020355  0.004403  0.003443\n",
       "C12  0.013091  0.012107  1.000000  0.020349  0.011088  0.002113\n",
       "C13  0.007898  0.020355  0.020349  1.000000  0.024300  0.010357\n",
       "C14 -0.000329  0.004403  0.011088  0.024300  1.000000  0.021796\n",
       "C15 -0.000627  0.003443  0.002113  0.010357  0.021796  1.000000"
      ]
     },
     "execution_count": 19,
     "metadata": {},
     "output_type": "execute_result"
    }
   ],
   "source": [
    "df[[f'C1{i}' for i in range(len(time_points))]].corr()"
   ]
  },
  {
   "cell_type": "code",
   "execution_count": 20,
   "metadata": {},
   "outputs": [],
   "source": [
    "df[f\"C50\"] = df[f\"C5\"]\n",
    "for i in range(1, len(time_points)):\n",
    "    df[f\"C5{i}\"] = get_seconds_var_mean_st_ed(df['C50'].values, df[f'back_{time_points[i]}s'].values+1, df[f'back_{time_points[i-1]}s'].values)"
   ]
  },
  {
   "cell_type": "code",
   "execution_count": 21,
   "metadata": {},
   "outputs": [
    {
     "data": {
      "text/html": [
       "<div>\n",
       "<style scoped>\n",
       "    .dataframe tbody tr th:only-of-type {\n",
       "        vertical-align: middle;\n",
       "    }\n",
       "\n",
       "    .dataframe tbody tr th {\n",
       "        vertical-align: top;\n",
       "    }\n",
       "\n",
       "    .dataframe thead th {\n",
       "        text-align: right;\n",
       "    }\n",
       "</style>\n",
       "<table border=\"1\" class=\"dataframe\">\n",
       "  <thead>\n",
       "    <tr style=\"text-align: right;\">\n",
       "      <th></th>\n",
       "      <th>C50</th>\n",
       "      <th>C51</th>\n",
       "      <th>C52</th>\n",
       "      <th>C53</th>\n",
       "      <th>C54</th>\n",
       "      <th>C55</th>\n",
       "    </tr>\n",
       "  </thead>\n",
       "  <tbody>\n",
       "    <tr>\n",
       "      <th>C50</th>\n",
       "      <td>1.000000</td>\n",
       "      <td>-0.068009</td>\n",
       "      <td>0.002066</td>\n",
       "      <td>0.002787</td>\n",
       "      <td>0.000222</td>\n",
       "      <td>-0.001302</td>\n",
       "    </tr>\n",
       "    <tr>\n",
       "      <th>C51</th>\n",
       "      <td>-0.068009</td>\n",
       "      <td>1.000000</td>\n",
       "      <td>-0.102525</td>\n",
       "      <td>0.008043</td>\n",
       "      <td>0.001770</td>\n",
       "      <td>0.000297</td>\n",
       "    </tr>\n",
       "    <tr>\n",
       "      <th>C52</th>\n",
       "      <td>0.002066</td>\n",
       "      <td>-0.102525</td>\n",
       "      <td>1.000000</td>\n",
       "      <td>-0.051649</td>\n",
       "      <td>0.005477</td>\n",
       "      <td>-0.000374</td>\n",
       "    </tr>\n",
       "    <tr>\n",
       "      <th>C53</th>\n",
       "      <td>0.002787</td>\n",
       "      <td>0.008043</td>\n",
       "      <td>-0.051649</td>\n",
       "      <td>1.000000</td>\n",
       "      <td>-0.012658</td>\n",
       "      <td>0.006646</td>\n",
       "    </tr>\n",
       "    <tr>\n",
       "      <th>C54</th>\n",
       "      <td>0.000222</td>\n",
       "      <td>0.001770</td>\n",
       "      <td>0.005477</td>\n",
       "      <td>-0.012658</td>\n",
       "      <td>1.000000</td>\n",
       "      <td>-0.007913</td>\n",
       "    </tr>\n",
       "    <tr>\n",
       "      <th>C55</th>\n",
       "      <td>-0.001302</td>\n",
       "      <td>0.000297</td>\n",
       "      <td>-0.000374</td>\n",
       "      <td>0.006646</td>\n",
       "      <td>-0.007913</td>\n",
       "      <td>1.000000</td>\n",
       "    </tr>\n",
       "  </tbody>\n",
       "</table>\n",
       "</div>"
      ],
      "text/plain": [
       "          C50       C51       C52       C53       C54       C55\n",
       "C50  1.000000 -0.068009  0.002066  0.002787  0.000222 -0.001302\n",
       "C51 -0.068009  1.000000 -0.102525  0.008043  0.001770  0.000297\n",
       "C52  0.002066 -0.102525  1.000000 -0.051649  0.005477 -0.000374\n",
       "C53  0.002787  0.008043 -0.051649  1.000000 -0.012658  0.006646\n",
       "C54  0.000222  0.001770  0.005477 -0.012658  1.000000 -0.007913\n",
       "C55 -0.001302  0.000297 -0.000374  0.006646 -0.007913  1.000000"
      ]
     },
     "execution_count": 21,
     "metadata": {},
     "output_type": "execute_result"
    }
   ],
   "source": [
    "df[[f'C5{i}' for i in range(len(time_points))]].corr()"
   ]
  },
  {
   "cell_type": "code",
   "execution_count": 22,
   "metadata": {},
   "outputs": [],
   "source": [
    "df[f\"C60\"] = df[f\"C6\"]\n",
    "for i in range(1, len(time_points)):\n",
    "    df[f\"C6{i}\"] = get_seconds_var_mean_st_ed(df['C60'].values, df[f'back_{time_points[i]}s'].values, df[f'back_{time_points[i-1]}s'].values)"
   ]
  },
  {
   "cell_type": "code",
   "execution_count": 23,
   "metadata": {},
   "outputs": [
    {
     "data": {
      "text/html": [
       "<div>\n",
       "<style scoped>\n",
       "    .dataframe tbody tr th:only-of-type {\n",
       "        vertical-align: middle;\n",
       "    }\n",
       "\n",
       "    .dataframe tbody tr th {\n",
       "        vertical-align: top;\n",
       "    }\n",
       "\n",
       "    .dataframe thead th {\n",
       "        text-align: right;\n",
       "    }\n",
       "</style>\n",
       "<table border=\"1\" class=\"dataframe\">\n",
       "  <thead>\n",
       "    <tr style=\"text-align: right;\">\n",
       "      <th></th>\n",
       "      <th>C60</th>\n",
       "      <th>C61</th>\n",
       "      <th>C62</th>\n",
       "      <th>C63</th>\n",
       "      <th>C64</th>\n",
       "      <th>C65</th>\n",
       "    </tr>\n",
       "  </thead>\n",
       "  <tbody>\n",
       "    <tr>\n",
       "      <th>C60</th>\n",
       "      <td>1.000000</td>\n",
       "      <td>0.276880</td>\n",
       "      <td>0.109834</td>\n",
       "      <td>0.069784</td>\n",
       "      <td>0.049016</td>\n",
       "      <td>0.034274</td>\n",
       "    </tr>\n",
       "    <tr>\n",
       "      <th>C61</th>\n",
       "      <td>0.276880</td>\n",
       "      <td>1.000000</td>\n",
       "      <td>0.425134</td>\n",
       "      <td>0.156553</td>\n",
       "      <td>0.085808</td>\n",
       "      <td>0.055032</td>\n",
       "    </tr>\n",
       "    <tr>\n",
       "      <th>C62</th>\n",
       "      <td>0.109834</td>\n",
       "      <td>0.425134</td>\n",
       "      <td>1.000000</td>\n",
       "      <td>0.356591</td>\n",
       "      <td>0.113411</td>\n",
       "      <td>0.063883</td>\n",
       "    </tr>\n",
       "    <tr>\n",
       "      <th>C63</th>\n",
       "      <td>0.069784</td>\n",
       "      <td>0.156553</td>\n",
       "      <td>0.356591</td>\n",
       "      <td>1.000000</td>\n",
       "      <td>0.273754</td>\n",
       "      <td>0.094337</td>\n",
       "    </tr>\n",
       "    <tr>\n",
       "      <th>C64</th>\n",
       "      <td>0.049016</td>\n",
       "      <td>0.085808</td>\n",
       "      <td>0.113411</td>\n",
       "      <td>0.273754</td>\n",
       "      <td>1.000000</td>\n",
       "      <td>0.249898</td>\n",
       "    </tr>\n",
       "    <tr>\n",
       "      <th>C65</th>\n",
       "      <td>0.034274</td>\n",
       "      <td>0.055032</td>\n",
       "      <td>0.063883</td>\n",
       "      <td>0.094337</td>\n",
       "      <td>0.249898</td>\n",
       "      <td>1.000000</td>\n",
       "    </tr>\n",
       "  </tbody>\n",
       "</table>\n",
       "</div>"
      ],
      "text/plain": [
       "          C60       C61       C62       C63       C64       C65\n",
       "C60  1.000000  0.276880  0.109834  0.069784  0.049016  0.034274\n",
       "C61  0.276880  1.000000  0.425134  0.156553  0.085808  0.055032\n",
       "C62  0.109834  0.425134  1.000000  0.356591  0.113411  0.063883\n",
       "C63  0.069784  0.156553  0.356591  1.000000  0.273754  0.094337\n",
       "C64  0.049016  0.085808  0.113411  0.273754  1.000000  0.249898\n",
       "C65  0.034274  0.055032  0.063883  0.094337  0.249898  1.000000"
      ]
     },
     "execution_count": 23,
     "metadata": {},
     "output_type": "execute_result"
    }
   ],
   "source": [
    "df[[f'C6{i}' for i in range(len(time_points))]].corr()"
   ]
  },
  {
   "cell_type": "code",
   "execution_count": 35,
   "metadata": {},
   "outputs": [
    {
     "data": {
      "text/plain": [
       "C60     120\n",
       "C61    6183\n",
       "C62    4691\n",
       "C63    1847\n",
       "C64    2541\n",
       "C65    4882\n",
       "dtype: int64"
      ]
     },
     "execution_count": 35,
     "metadata": {},
     "output_type": "execute_result"
    }
   ],
   "source": [
    "df[[f'C6{i}' for i in range(len(time_points))]].isna().sum()"
   ]
  },
  {
   "cell_type": "markdown",
   "metadata": {},
   "source": [
    "## Price Volume"
   ]
  },
  {
   "cell_type": "code",
   "execution_count": 26,
   "metadata": {},
   "outputs": [],
   "source": [
    "df['D0'] = (df['wp'] - df['order_vwap']).rolling(60).sum() * df['delta_Volume'].rolling(60).sum() \n",
    "df['D1'] = ((df['wp'] - df['order_vwap']) * df['delta_Volume']).rolling(60).sum() / df['delta_Volume'].rolling(60).sum()"
   ]
  },
  {
   "cell_type": "markdown",
   "metadata": {},
   "source": [
    "## Other type"
   ]
  },
  {
   "cell_type": "code",
   "execution_count": 31,
   "metadata": {},
   "outputs": [],
   "source": [
    "df['Z1'] = (df['AskPrice1'] - df['BidPrice1']) / df['mid']\n",
    "df['Z2'] = df['Z1'].diff()"
   ]
  },
  {
   "cell_type": "code",
   "execution_count": 55,
   "metadata": {},
   "outputs": [],
   "source": [
    "pos, neg = get_seconds_var_trend_st_ed(df['macro_price'].diff().values, df['back_60s'].values, df['back_0s'].values)\n",
    "df['Z3'] = (pos - neg) / (pos + neg + 1e-6)\n",
    "df['Z4'] = utils.get_seconds_conti_price_chg(df['mid'].values, df['back_60s'].values, df['back_0s'].values)"
   ]
  },
  {
   "cell_type": "code",
   "execution_count": null,
   "metadata": {},
   "outputs": [],
   "source": [
    "+1 - 1\n",
    "+1 - 2\n",
    "+1 - 3\n",
    "0 - 0\n",
    "\n"
   ]
  },
  {
   "cell_type": "markdown",
   "metadata": {},
   "source": [
    "# Test IC for factors"
   ]
  },
  {
   "cell_type": "code",
   "execution_count": 73,
   "metadata": {},
   "outputs": [],
   "source": [
    "xVarsHash = [f'A{i}' for i in range(len(time_points)+1)] + \\\n",
    "            [f'B{i}' for i in range(len(time_points)+1)] + \\\n",
    "            [f'C1{i}' for i in range(len(time_points))] + \\\n",
    "            [f'C5{i}' for i in range(len(time_points))] + \\\n",
    "            [f'C6{i}' for i in range(len(time_points))] + \\\n",
    "            ['D0', 'D1'] + \\\n",
    "            ['Z1', 'Z2', 'Z3', 'Z4']\n",
    "\n",
    "yVar = ['forward_60s_ret']"
   ]
  },
  {
   "cell_type": "code",
   "execution_count": 86,
   "metadata": {},
   "outputs": [],
   "source": [
    "# xVarsHash = ['D0', 'D1']#[f'C1{i}' for i in range(len(time_points))]\n",
    "xVarsSelected = []\n",
    "\n",
    "data = df.loc[df.RetMask==True]\n",
    "data = data[xVarsHash + yVar]\n",
    "\n",
    "data = data.fillna(method='ffill')\n",
    "Y = data.forward_60s_ret\n",
    "\n",
    "for x in xVarsHash:\n",
    "    if data[x].std() > 1e-6:\n",
